1000 1000
42 468 335 501 170 725 479 359 963 465 706 146 282 828 962 492 996 943 828 437 392 605 903 154 293 383 422 717 719 896 448 727 772 539 870 913 668 300 36 895 704 812 323 334 674 665 142 712 254 869 548 645 663 758 38 860 724 742 530 779 317 36 191 843 289 107 41 943 265 649 447 806 891 730 371 351 7 102 394 549 630 624 85 955 757 841 967 377 932 309 945 440 627 324 538 539 119 83 930 542 834 116 640 659 705 931 978 307 674 387 22 746 925 73 271 830 778 574 98 513 987 291 162 637 356 768 656 575 32 53 351 151 942 725 967 431 108 192 8 338 458 288 754 384 946 910 210 759 222 589 423 947 507 31 414 169 901 592 763 656 411 360 625 538 549 484 596 42 603 351 292 837 375 21 597 22 349 200 669 485 282 735 54 1000 419 939 901 789 128 468 729 894 649 484 808 422 311 618 814 515 310 617 936 452 601 250 520 557 799 304 225 9 845 610 990 703 196 486 94 344 524 588 315 504 449 201 459 619 581 797 799 282 590 799 10 158 473 623 539 293 39 180 191 658 959 192 816 889 157 512 203 635 273 56 329 647 363 887 876 434 870 143 845 417 882 999 323 652 22 700 558 477 893 390 76 713 601 511 4 870 862 689 402 790 256 424 3 586 183 286 89 427 618 758 833 933 170 155 722 190 977 330 369 693 426 556 435 550 442 513 146 61 719 754 140 424 280 997 688 530 550 438 867 950 194 196 298 417 287 106 489 283 456 735 115 702 317 672 787 264 314 356 186 54 913 809 833 946 314 757 322 559 647 983 482 145 197 223 130 162 536 451 174 467 45 660 293 440 254 25 155 511 746 650 187 314 475 23 169 19 788 906 959 392 203 626 478 415 315 825 335 875 373 160 834 71 488 298 519 178 774 271 764 669 193 986 103 481 214 628 803 100 528 626 544 925 24 973 62 182 4 433 506 594 726 32 493 143 223 287 65 901 188 361 414 975 271 171 236 834 712 761 897 668 286 551 141 695 696 625 20 126 577 695 659 303 372 467 679 594 852 485 19 465 120 153 801 88 61 927 11 758 171 316 577 228 44 759 165 110 883 87 566 488 578 475 626 628 630 929 424 521 903 963 124 597 738 262 196 526 265 261 203 117 31 327 12 772 412 548 154 521 791 925 189 764 941 852 663 830 901 714 959 579 366 8 478 201 59 440 304 761 358 325 478 109 114 888 802 851 461 429 994 385 406 541 112 705 836 357 73 351 824 486 557 217 627 358 527 358 338 272 870 362 897 23 618 113 718 697 586 42 424 130 230 566 560 933 297 856 54 963 585 735 655 973 458 370 533 964 608 484 912 636 68 849 676 939 224 143 755 512 742 176 460 826 222 871 627 935 206 784 851 399 280 702 194 735 638 535 557 994 177 706 963 549 882 301 414 642 856 856 143 463 612 878 425 679 753 444 297 674 41 314 876 73 819 611 18 933 113 696 170 832 41 489 686 91 498 590 991 146 354 315 652 741 45 259 336 760 193 606 265 182 504 830 776 609 293 998 550 557 562 628 468 542 130 241 814 175 602 78 216 684 214 993 825 602 393 760 671 429 28 85 76 787 499 971 288 848 605 504 222 664 707 364 11 172 490 241 165 543 620 914 592 705 819 233 751 206 976 540 304 423 99 248 585 649 972 865 914 76 546 713 547 679 770 263 520 986 290 945 866 541 246 509 319 871 602 324 133 473 153 88 571 764 902 104 424 528 601 970 16 566 29 544 348 89 944 638 410 464 50 682 589 343 609 61 222 759 955 889 147 691 950 844 431 621 749 68 537 784 36 227 186 39 854 630 225 749 924 360 258 767 945 956 319 727 412 26 356 2 550 497 585 516 965 343 76 914 143 197 949 73 427 607 174 430 405 706 627 813 376 94 566 37 737 142 815 995 257 653 937 839 483 356 16 132 231 842 626 12 638 187 691 651 663 635 894 354 417 453 9 263 234 455 304 635 304 257 149 125 318 214 110 29 201 81 319 859 51 156 362 265 904 677 644 910 903 562 490 949 283 654 675 221 403 924 832 370 879 260 9 620 972 4 946 782 505 393 686 314 699 590 723 939 38 411 462 235 509 962 960 494 516 270 938 870 59 701 972 265 118 216 556 816 331 40 213 289 83 955 86 711 485 775 381 816 952 542 116 680 111 899 74 789 978 133 957 690 114 9 942 791 724 364 29 185 779 201 72 886 975 72 334 868 154 296 169 826 677 630 651 599 310 694 687 81 117 250
1 2
2 3
3 4
4 5
5 6
6 7
7 8
8 9
9 10
10 11
11 12
12 13
13 14
14 15
15 16
16 17
17 18
18 19
19 20
20 21
21 22
22 23
23 24
24 25
25 26
26 27
27 28
28 29
29 30
30 31
31 32
32 33
33 34
34 35
35 36
36 37
37 38
38 39
39 40
40 41
41 42
42 43
43 44
44 45
45 46
46 47
47 48
48 49
49 50
50 51
51 52
52 53
53 54
54 55
55 56
56 57
57 58
58 59
59 60
60 61
61 62
62 63
63 64
64 65
65 66
66 67
67 68
68 69
69 70
70 71
71 72
72 73
73 74
74 75
75 76
76 77
77 78
78 79
79 80
80 81
81 82
82 83
83 84
84 85
85 86
86 87
87 88
88 89
89 90
90 91
91 92
92 93
93 94
94 95
95 96
96 97
97 98
98 99
99 100
100 101
101 102
102 103
103 104
104 105
105 106
106 107
107 108
108 109
109 110
110 111
111 112
112 113
113 114
114 115
115 116
116 117
117 118
118 119
119 120
120 121
121 122
122 123
123 124
124 125
125 126
126 127
127 128
128 129
129 130
130 131
131 132
132 133
133 134
134 135
135 136
136 137
137 138
138 139
139 140
140 141
141 142
142 143
143 144
144 145
145 146
146 147
147 148
148 149
149 150
150 151
151 152
152 153
153 154
154 155
155 156
156 157
157 158
158 159
159 160
160 161
161 162
162 163
163 164
164 165
165 166
166 167
167 168
168 169
169 170
170 171
171 172
172 173
173 174
174 175
175 176
176 177
177 178
178 179
179 180
180 181
181 182
182 183
183 184
184 185
185 186
186 187
187 188
188 189
189 190
190 191
191 192
192 193
193 194
194 195
195 196
196 197
197 198
198 199
199 200
200 201
201 202
202 203
203 204
204 205
205 206
206 207
207 208
208 209
209 210
210 211
211 212
212 213
213 214
214 215
215 216
216 217
217 218
218 219
219 220
220 221
221 222
222 223
223 224
224 225
225 226
226 227
227 228
228 229
229 230
230 231
231 232
232 233
233 234
234 235
235 236
236 237
237 238
238 239
239 240
240 241
241 242
242 243
243 244
244 245
245 246
246 247
247 248
248 249
249 250
250 251
251 252
252 253
253 254
254 255
255 256
256 257
257 258
258 259
259 260
260 261
261 262
262 263
263 264
264 265
265 266
266 267
267 268
268 269
269 270
270 271
271 272
272 273
273 274
274 275
275 276
276 277
277 278
278 279
279 280
280 281
281 282
282 283
283 284
284 285
285 286
286 287
287 288
288 289
289 290
290 291
291 292
292 293
293 294
294 295
295 296
296 297
297 298
298 299
299 300
300 301
301 302
302 303
303 304
304 305
305 306
306 307
307 308
308 309
309 310
310 311
311 312
312 313
313 314
314 315
315 316
316 317
317 318
318 319
319 320
320 321
321 322
322 323
323 324
324 325
325 326
326 327
327 328
328 329
329 330
330 331
331 332
332 333
333 334
289 335
292 336
6 337
78 338
261 339
119 340
273 341
145 342
125 343
255 344
344 345
125 346
28 347
151 348
324 349
302 350
277 351
51 352
181 353
16 354
164 355
289 356
62 357
342 358
66 359
237 360
201 361
259 362
133 363
33 364
229 365
227 366
122 367
18 368
35 369
1 370
310 371
339 372
9 373
85 374
145 375
269 376
135 377
39 378
22 379
156 380
77 381
246 382
124 383
339 384
186 385
256 386
375 387
282 388
26 389
78 390
78 391
161 392
97 393
250 394
245 395
74 396
362 397
371 398
138 399
370 400
49 401
26 402
121 403
377 404
341 405
277 406
292 407
273 408
367 409
109 410
385 411
170 412
17 413
252 414
282 415
321 416
96 417
273 418
121 419
146 420
30 421
200 422
355 423
219 424
49 425
2 426
124 427
405 428
402 429
118 430
329 431
9 432
47 433
80 434
193 435
199 436
218 437
348 438
270 439
1 440
63 441
326 442
95 443
69 444
401 445
397 446
442 447
446 448
390 449
133 450
426 451
4 452
223 453
186 454
187 455
336 456
153 457
437 458
360 459
277 460
127 461
294 462
105 463
315 464
397 465
44 466
329 467
420 468
306 469
455 470
195 471
325 472
95 473
118 474
298 475
458 476
430 477
84 478
20 479
422 480
365 481
71 482
374 483
56 484
460 485
249 486
146 487
229 488
266 489
366 490
318 491
176 492
468 493
280 494
251 495
59 496
396 497
36 498
191 499
48 500
411 501
184 502
293 503
193 504
424 505
200 506
114 507
270 508
23 509
135 510
446 511
417 512
211 513
182 514
383 515
237 516
77 517
245 518
128 519
384 520
466 521
230 522
173 523
176 524
161 525
255 526
504 527
94 528
203 529
312 530
139 531
135 532
441 533
146 534
328 535
309 536
409 537
228 538
427 539
181 540
269 541
408 542
512 543
120 544
186 545
68 546
229 547
546 548
146 549
433 550
213 551
506 552
515 553
501 554
396 555
468 556
391 557
173 558
378 559
508 560
298 561
466 562
154 563
328 564
370 565
209 566
140 567
240 568
498 569
32 570
293 571
444 572
242 573
408 574
339 575
349 576
161 577
466 578
54 579
54 580
248 581
6 582
317 583
558 584
149 585
438 586
492 587
379 588
152 589
391 590
529 591
549 592
553 593
549 594
179 595
91 596
324 597
88 598
304 599
385 600
483 601
129 602
309 603
300 604
48 605
351 606
338 607
309 608
489 609
350 610
197 611
171 612
426 613
464 614
555 615
524 616
254 617
31 618
384 619
244 620
462 621
68 622
348 623
115 624
456 625
618 626
204 627
128 628
34 629
251 630
386 631
211 632
397 633
244 634
619 635
415 636
306 637
35 638
173 639
174 640
496 641
524 642
472 643
167 644
508 645
347 646
384 647
453 648
208 649
14 650
625 651
59 652
37 653
120 654
356 655
470 656
232 657
476 658
214 659
93 660
184 661
414 662
86 663
119 664
207 665
356 666
456 667
460 668
129 669
420 670
287 671
47 672
24 673
443 674
448 675
19 676
655 677
488 678
344 679
181 680
650 681
164 682
283 683
496 684
455 685
59 686
315 687
574 688
616 689
67 690
667 691
335 692
539 693
333 694
523 695
486 696
281 697
88 698
626 699
358 700
531 701
390 702
359 703
317 704
512 705
656 706
172 707
447 708
629 709
251 710
501 711
178 712
12 713
597 714
86 715
388 716
514 717
208 718
7 719
269 720
105 721
97 722
363 723
481 724
90 725
259 726
666 727
212 728
307 729
673 730
299 731
373 732
206 733
146 734
729 735
357 736
329 737
263 738
142 739
382 740
168 741
3 742
582 743
88 744
70 745
624 746
679 747
342 748
193 749
311 750
587 751
94 752
665 753
445 754
665 755
303 756
125 757
200 758
323 759
434 760
198 761
699 762
190 763
349 764
661 765
168 766
405 767
596 768
17 769
677 770
680 771
616 772
467 773
697 774
163 775
715 776
201 777
539 778
179 779
340 780
448 781
101 782
688 783
367 784
554 785
315 786
98 787
148 788
664 789
519 790
349 791
248 792
193 793
763 794
538 795
715 796
61 797
660 798
163 799
1 800
474 801
366 802
408 803
208 804
463 805
442 806
619 807
80 808
292 809
788 810
142 811
642 812
780 813
13 814
126 815
565 816
235 817
99 818
46 819
110 820
12 821
179 822
610 823
669 824
724 825
257 826
668 827
809 828
84 829
822 830
458 831
329 832
419 833
8 834
637 835
294 836
667 837
115 838
675 839
675 840
479 841
221 842
512 843
163 844
191 845
182 846
531 847
165 848
412 849
543 850
293 851
42 852
219 853
66 854
142 855
614 856
463 857
235 858
390 859
183 860
572 861
260 862
415 863
106 864
333 865
300 866
432 867
26 868
638 869
734 870
309 871
17 872
139 873
702 874
330 875
523 876
319 877
268 878
790 879
670 880
558 881
11 882
878 883
644 884
876 885
548 886
480 887
99 888
483 889
165 890
786 891
618 892
88 893
33 894
334 895
124 896
438 897
399 898
604 899
240 900
379 901
761 902
449 903
698 904
886 905
805 906
585 907
393 908
55 909
312 910
648 911
816 912
15 913
752 914
744 915
856 916
444 917
581 918
497 919
96 920
814 921
681 922
370 923
291 924
277 925
17 926
240 927
127 928
256 929
885 930
533 931
416 932
23 933
575 934
524 935
219 936
10 937
886 938
935 939
85 940
232 941
803 942
137 943
62 944
529 945
297 946
93 947
734 948
480 949
192 950
214 951
665 952
386 953
599 954
523 955
434 956
901 957
208 958
24 959
312 960
331 961
901 962
223 963
935 964
616 965
820 966
630 967
262 968
775 969
878 970
496 971
280 972
673 973
147 974
171 975
857 976
20 977
74 978
719 979
35 980
669 981
27 982
932 983
592 984
679 985
306 986
578 987
574 988
138 989
53 990
342 991
681 992
117 993
393 994
789 995
461 996
485 997
982 998
388 999
300 1000
499 658
765 156
754 310
115 407
366 383
774 392
238 224
572 308
547 734
409 10
595 966
982 688
416 52
685 502
830 549
135 425
200 23
950 890
467 99
124 628
433 578
906 970
872 373
457 158
320 132
661 35
801 720
364 668
714 448
908 563
683 648
82 539
213 949
924 334
52 243
680 472
228 767
211 202
337 589
827 856
101 691
564 275
78 700
671 687
222 807
599 198
529 109
18 988
666 726
326 161
710 164
737 514
327 623
480 376
643 319
777 415
203 349
1000 632
524 211
318 792
633 263
70 879
439 148
862 314
287 529
44 706
832 512
14 562
19 160
329 724
909 252
587 493
56 218
553 380
226 604
857 736
53 666
121 135
357 566
719 423
157 991
950 225
330 182
464 721
463 404
14 903
255 67
353 873
742 872
693 191
985 311
705 909
177 919
656 853
691 226
507 858
819 518
453 982
653 823
917 269
3 730
976 728
570 628
764 155
740 961
470 511
479 397
701 897
413 398
940 729
338 696
980 508
297 280
904 898
304 626
215 952
983 811
894 319
973 847
219 180
434 532
299 246
574 917
437 739
505 424
52 67
473 712
409 339
840 628
655 700
83 886
133 121
507 782
728 213
352 948
102 314
953 457
412 19
293 7
929 179
798 836
848 100
40 379
834 889
590 371
402 716
958 86
912 809
512 83
798 576
947 788
582 991
376 913
506 94
909 851
721 98
51 362
353 595
344 840
832 589
797 563
34 858
145 175
806 358
157 554
17 122
351 934
689 339
487 770
755 976
516 922
470 591
840 738
118 840
615 791
314 864
949 494
654 39
381 99
233 346
554 219
880 971
154 362
889 900
598 438
633 744
908 170
183 114
797 157
759 723
511 504
40 24
484 803
94 346
409 225
912 813
632 455
707 761
718 641
269 396
910 21
11 78
124 21
284 123
35 586
308 69
679 476
634 439
764 659
50 219
613 137
388 453
558 53
642 502
747 161
406 434
374 925
250 954
781 419
30 546
833 753
78 644
952 874
193 940
932 468
107 810
202 971
75 132
612 677
126 305
775 484
987 438
958 560
861 340
557 74
420 904
479 266
979 914
977 82
468 143
772 808
496 792
151 792
639 601
842 935
414 762
164 186
644 600
614 973
908 621
142 60
118 764
429 853
693 647
818 196
555 753
356 854
689 372
788 255
503 612
241 156
890 697
561 593
585 937
311 220
687 172
447 264
428 231
436 483
940 609
123 841
614 801
885 7
798 702
857 656
972 917
855 523
699 407
326 211
154 696
1000 294
830 329
680 46
302 879
907 171
398 154
492 175
333 295
494 849
936 334
854 955
108 437
326 892
623 123
284 311
96 13
649 713
226 933
290 239
933 166
770 774
213 217
574 881
697 835
495 606
157 365
820 913
289 43
870 936
112 493
442 469
274 137
978 471
986 727
660 202
328 723
305 362
1000 455
720 404
977 502
25 397
760 698
250 665
402 135
133 21
301 934
976 301
608 27
596 800
574 567
238 591
967 950
801 25
895 154
290 673
750 719
338 263
206 77
776 619
928 105
797 469
927 500
894 376
498 987
637 338
759 5
408 710
515 712
713 954
931 28
172 833
286 382
804 970
81 406
719 31
881 714
629 359
660 841
373 29
689 505
711 959
467 841
443 855
507 232
153 941
547 364
959 219
979 867
503 328
791 374
293 310
799 761
29 244
470 836
835 116
44 661
74 14
884 396
670 803
431 318
401 67
879 642
770 696
108 767
337 104
866 764
412 591
401 414
566 27
28 438
866 502
427 48
28 255
594 469
881 561
999 306
386 179
495 383
733 470
833 809
796 459
130 312
988 818
232 297
998 203
247 166
474 457
295 689
783 387
171 844
348 433
339 661
691 413
116 10
665 407
483 945
303 39
805 410
179 583
122 939
320 679
677 844
17 135
566 536
586 984
385 682
400 188
292 949
68 737
420 155
52 74
809 727
594 6
69 139
547 783
321 315
633 356
872 536
321 872
106 254
806 808
467 710
132 481
633 332
390 288
665 362
888 152
619 108
93 951
41 474
123 601
892 529
338 612
632 242
209 874
603 441
761 915
473 784
280 616
195 42
759 856
475 392
68 799
417 687
465 627
242 31
643 981
92 806
76 470
155 307
457 127
511 475
821 935
867 112
996 305
752 757
49 348
160 4
945 929
372 600
85 904
550 843
268 644
391 192
126 714
523 394
242 958
520 364
945 750
58 663
137 29
322 703
315 425
218 382
701 525
747 215
793 256
791 756
20 948
991 25
600 16
63 727
395 815
133 946
685 295
285 875
734 90
552 223
478 352
32 110
690 979
950 253
550 378
956 748
181 719
955 224
891 929
911 250
36 210
222 415
234 738
364 374
179 18
762 117
592 562
746 373
448 916
189 673
610 967
870 258
7 852
820 606
294 940
979 204
749 944
3 786
135 368
640 480
912 477
601 850
995 782
969 161
917 839
977 19
111 309
467 319
656 652
488 273
553 785
764 876
671 760
45 195
356 943
232 223
382 409
83 525
94 981
204 540
403 316
416 947
365 518
981 897
866 709
377 451
660 665
233 562
441 746
155 179
617 273
668 101
916 832
218 358
50 525
475 982
905 387
252 714
274 233
995 906
492 33
206 172
199 706
2 151
659 719
845 408
295 182
940 793
74 153
142 629
501 384
510 421
367 853
53 687
792 335
277 849
750 47
696 962
91 182
271 457
445 998
388 420
989 716
696 331
952 444
685 507
377 109
286 979
269 985
41 466
182 982
228 815
785 224
85 567
743 220
537 786
151 215
886 295
75 109
169 212
695 306
737 30
317 76
761 839
668 351
306 187
284 232
903 826
811 634
863 858
500 205
479 250
842 874
789 103
809 176
878 58
406 562
785 480
370 422
497 994
451 223
431 339
170 84
190 452
974 871
445 523
576 96
57 671
589 71
144 38
32 437
943 247
757 460
309 665
518 938
926 858
978 762
393 400
809 170
137 364
258 63
88 490
853 740
359 347
505 847
104 171
879 597
533 339
196 712
86 215
403 584
726 433
137 343
526 269
32 307
97 179
981 336
854 568
26 516
298 453
124 529
123 990
902 406
358 252
700 30
770 716
488 328
331 662
809 606
576 495
455 374
533 103
241 516
585 220
311 733
65 285
688 277
419 215
645 450
764 188
708 719
443 671
286 539
476 9
1 879
230 856
215 835
333 938
69 497
112 830
357 537
284 19
732 68
152 335
541 193
511 530
84 378
401 480
83 719
249 659
721 603
64 662
206 858
601 707
737 50
564 806
610 359
100 776
904 756
592 69
76 681
125 70
332 656
834 136
105 62
787 547
554 120
759 460
574 668
458 499
333 124
483 837
304 343
415 139
973 855
733 601
684 916
960 81
421 383
520 790
928 1000
121 505
802 521
890 959
799 792
311 584
186 849
55 618
607 393
199 996
770 932
366 668
621 121
303 466
270 633
58 674
366 971
275 525
587 843
145 952
23 638
512 572
39 992
823 421
853 470
891 812
239 732
75 741
317 408
386 441
383 349
928 236
757 57
569 848
324 63
268 40
320 14
933 502
452 681
916 767
212 421
516 361
28 166
4 20
726 713
321 142
320 603
259 349
331 513
851 945
670 46
596 174
833 153
519 871
690 924
932 462
323 622
864 517
730 866
442 457
223 789
997 17
354 748
121 347
19 12
746 520
87 767
463 963
810 518
853 117
208 554
945 28
642 922
729 936
351 48
956 364
889 163
989 275
580 854
180 984
866 808
797 749
593 91
968 301
859 989
519 450
910 690
18 560
810 103
606 24
605 920
170 870
386 179
473 115
790 347
204 364
626 983
445 401
476 816
452 382
821 494
573 253
660 756
640 931
866 191
48 79
196 227
661 174
796 6
98 633
312 51
679 237
114 384
720 706
566 216
60 925
783 322
896 23
850 760
529 827
810 617
853 332
834 592
347 108
366 467
679 446
187 564
263 349
26 267
528 202
873 90
497 947
105 992
367 142
89 415
103 122
450 582
919 199
585 119
454 689
944 74
152 345
438 72
963 43
410 897
484 297
924 655
498 342
516 448
210 356
72 904
497 863
306 284
990 560
216 425
597 875
195 827
693 242
105 46
563 543
75 345
140 869
487 357
48 128
38 146
81 744
287 299
480 795
723 573
496 656
911 668
121 972
374 718
358 937
340 150
656 122
12 931
649 808
634 358
545 560
97 847
677 395
839 72
363 549
860 177
55 662
903 650
537 60
321 36
500 806
56 329
80 595
509 743
794 937
830 569
79 759
893 774
580 579
463 704
153 468
829 638
282 106
735 939
709 265
172 4
110 2
228 830
845 946
846 86
543 433
498 382
641 515
616 871
145 674
783 378
573 539
967 406
609 221
103 685
613 77
480 678
716 316
480 829
319 743
776 406
632 350
518 782
215 78
524 122
777 128
591 398
516 743
569 488
476 13
495 642
593 447
612 51
23 308
252 342
452 43
290 897
261 866
722 680
538 751
808 760
653 907
631 948
816 714
203 916
676 716
144 481
626 223
